##a:4 ##id: vfli
##1: 444,239
##2: 0.9340
##3: 426,18,45,194
##4: 0.4903
##5:
if (x4 <= 2)
 if (x7 <= 5)
  if (x10 <= 7) return 2
  else return 4
 else return 4
else
 if (x7 <= 2)
  if (x6 <= 3) return 2
  else return 4
 else
  if (x7 <= 8)
   if (x9 <= 7)
    if (x5 <= 3)
     if (x9 <= 5) return 4
     else
      if (x9 <= 6) return 4
      else return 2
    else return 4
   else return 4
  else return 4
 else return 4

##6: 7
##7: 4,2,4,2,2,2,2,2,2,2,2,2,2,2,2,2,2,2,2,2,2,2,2,2,2,2,2,2,2,2,2,2,2,2,2,2,2,2,2,2,2,2,2,2,2,2,2,2,2,2,2,2,2,4,2,2,2,2,2,2,2,2,2,2,2,2,2,2,2,2,2,2,2,2,2,2,2,2,2,2,2,4,2,2,2,2,2,2,2,2,4,2,4,2,2,2,2,2,2,4,4,4,4,4,4,4,4,4,4,4,4,4,4,2,4,4,4,4,4,4,4,4,4,4,4,4,4,4,4,4,4,4,4,4,4,4,4,4,4,4,4,4,4,4,4,4,4,4,4,4,4,4,4,4,4,4,4,4,4,4,4,4,4,4,4,4,4,4,4,4,4,4,4,4,4,4,4,4,4,4,4,4,4,4,4,4,4,4,4,4,4,4,4,4,4,4,4,4,4,4
##8: if (x4 <= 2)
 if (x7 <= 5)
  if (x10 <= 7) return 2
  else return 4
 else return 4
else
 if (x7 <= 2)
  if (x6 <= 3) return 2
  else return 4
 else
  if (x7 <= 8)
   if (x9 <= 7)
    if (x5 <= 3)
     if (x9 <= 5) return 4
     else
      if (x9 <= 6) return 4
      else return 2
    else return 4
   else return 4
  else return 4
 else return 4
##9: 4,2,4,2,2,2,2,2,2,2,2,2,2,2,2,2,2,2,2,2,2,2,2,2,2,2,2,2,2,2,2,2,2,2,2,2,2,2,2,2,2,2,2,2,2,2,2,2,2,2,2,2,2,4,2,2,2,2,2,2,2,2,2,2,2,2,2,2,2,2,2,2,2,2,2,2,2,2,2,2,2,4,2,2,2,2,2,2,2,2,4,2,4,2,2,2,2,2,2,4,4,4,4,4,4,4,4,4,4,4,4,4,4,2,4,4,4,4,4,4,4,4,4,4,4,4,4,4,4,4,4,4,4,4,4,4,4,4,4,4,4,4,4,4,4,4,4,4,4,4,4,4,4,4,4,4,4,4,4,4,4,4,4,4,4,4,4,4,4,4,4,4,4,4,4,4,4,4,4,4,4,4,4,4,4,4,4,4,4,4,4,4,4,4,4,4,4,4,4,4